4 6 -4.11
1 7 37.15
4 4 31.58
3 1 -14.76
3 2 6.41
3 5 36.99
4 4 5.66
3 1 -5.54
4 2 -0.45
2 1 30.59
2 2 32.41
4 7 2.52
3 4 40.10
3 7 -15.00
3 5 -5.51
2 1 -0.82
4 2 9.21
4 2 6.93
1 4 7.76
2 1 -11.16
1 7 -8.22
2 7 2.96
2 4 1.10
4 2 35.08
4 5 23.08
4 3 0.24
3 1 2.81
3 3 4.02
1 2 15.01
2 2 35.92
3 2 35.03
4 2 20.42
2 1 -12.02
3 3 16.81
2 2 18.43
3 4 25.12
3 2 20.55
2 5 9.37
4 1 32.63
3 3 -2.87
4 7 15.75
4 6 10.14
4 3 -14.38
2 1 31.03
1 6 -8.19
3 2 32.28
3 3 -9.90
4 4 -8.70
3 1 -13.40
4 6 28.80
3 7 -11.37
4 6 43.60
4 1 8.28
2 7 -5.46
2 4 41.30
3 3 9.41
1 2 10.02
3 3 28.60
1 2 -8.66
2 4 43.84
1 3 10.78
1 4 10.33
4 5 17.24
1 6 8.38
3 3 19.93
2 6 25.68
2 7 32.01
1 3 24.50
3 3 33.51
1 5 -9.53
1 5 21.80
3 5 31.36
1 7 36.31
1 3 22.48
1 7 42.89
3 5 39.48
4 5 8.91
1 7 8.56
1 7 16.90
4 6 -10.56
4 4 28.07
3 1 40.57
4 1 32.28
2 4 4.38
2 6 6.67
4 6 -12.42
4 3 2.84
3 4 17.14
1 7 1.54
3 3 -9.76
1 7 8.85
2 3 15.73
2 1 38.13
2 1 38.13
2 7 38.53
2 1 5.82
4 2 -12.50
3 3 -2.51
4 4 33.46
1 1 37.59
3 7 -3.44
3 7 11.34
3 4 14.35
4 1 4.79
3 2 8.71
1 3 41.59
3 4 17.40
2 2 -8.04
4 1 39.55
4 3 33.06
2 4 36.34
2 2 -10.85
1 2 36.08
4 1 12.41
2 1 26.09
2 4 28.94
4 7 1.56
4 1 15.43
4 6 36.77
1 2 13.07
1 6 3.14
2 1 4.60
2 2 32.39
1 4 -9.40
3 3 23.26
1 2 17.70
4 2 18.01
2 3 32.97
3 7 27.16
4 1 24.25
2 2 -5.76
3 7 12.70
4 6 -0.88
3 7 21.12
3 2 -13.31
2 2 18.58
1 5 -7.31
4 7 -13.04
3 1 19.08
4 1 35.93
2 1 27.41
1 5 41.47
1 6 21.58
2 1 -13.68
2 6 -9.99
1 3 -14.36
3 2 -11.56
4 1 -3.96
2 5 30.29
2 6 23.68
2 6 -11.75
1 6 -6.80
1 7 -11.67
2 4 -4.68
4 5 -3.03
1 4 -10.62
4 5 7.02
4 5 19.95
3 7 40.67
1 2 -14.18
3 5 28.09
3 7 24.04
1 6 8.92
1 4 25.32
3 4 -13.95
1 6 29.67
3 5 13.71
3 3 34.77
1 3 1.03
4 4 -6.39
3 4 7.45
2 2 8.94
3 5 26.63
2 6 -6.54
4 3 12.01
2 7 17.49
2 5 4.29
2 1 6.63
3 7 14.39
4 2 37.74
2 7 20.95
3 3 -6.16
3 7 -12.29
3 5 34.41
4 6 15.53
2 6 30.62
4 3 -10.93
4 5 15.76
2 4 14.82
2 4 13.72
1 3 -9.17
4 3 12.79
2 4 27.96
2 3 8.26
4 3 7.84
2 5 19.59
3 5 39.95
3 2 13.62
2 6 29.46
1 5 5.86
2 1 15.74
2 4 4.13
3 1 42.73
1 2 -0.43
4 5 -9.85
4 2 -8.50
1 4 -3.78
2 3 24.99
2 2 19.15
2 5 5.43
4 1 -8.92
3 4 21.69
1 2 -5.19
4 2 22.99
1 2 19.95
3 3 15.13
2 5 34.31
1 7 41.28
2 6 26.74
2 6 28.92
3 4 11.62
2 6 -7.67
3 7 7.19
2 3 2.32
4 7 40.77
1 3 -4.86
4 2 -2.58
4 1 6.13
4 3 -3.25
1 2 16.92
4 1 -4.77
1 2 12.28
2 2 33.23
3 1 20.00
3 4 0.69
2 4 36.48
1 2 19.34
3 4 20.08
1 6 22.40
1 5 -8.39
4 3 17.67
1 6 22.24
3 7 13.64
1 4 40.04
4 3 34.86
3 5 24.93
3 5 25.71
4 5 -12.88
3 3 43.19
4 1 7.26
2 6 35.68
4 7 18.65
3 5 4.89
2 6 27.62
2 6 -4.80
2 3 20.75
2 6 43.55
4 2 -8.15
3 7 -13.33
4 2 18.48
2 1 39.69
2 2 -12.01
1 4 42.56
2 6 -12.40
4 1 36.10
3 3 -11.88
2 3 34.58
2 2 29.92
2 6 24.94
2 5 35.96
3 7 -3.86
4 2 -4.67
3 5 7.73
2 3 -8.36
2 4 26.51
2 6 33.94
3 2 -1.58
1 2 -8.43
3 5 14.05
3 7 27.72
2 7 -9.27
4 6 41.20
3 2 9.35
3 5 36.80
3 3 17.65
2 1 8.80
3 7 32.27
4 5 2.66
3 5 -11.08
4 4 40.58
2 3 -9.62
1 6 11.46
4 3 6.05
1 4 37.99
2 4 6.86
1 4 21.33
2 1 8.50
1 3 -9.48
1 6 24.96
4 3 7.63
3 7 32.74
1 4 25.34
1 5 27.52
1 3 0.68
3 5 -3.48
4 1 6.13
2 7 30.93
2 2 17.21
3 4 2.54
4 5 13.65
3 4 -10.16
2 2 0.77
2 7 34.35
1 5 25.05
4 4 36.29
1 7 37.45
2 3 18.63
4 3 13.48
1 4 44.21
1 2 4.01
1 2 13.72
2 1 -2.19
1 3 11.96
1 7 25.32
2 2 -6.14
2 5 0.35
1 3 8.96
1 6 27.43
2 5 31.70
3 1 0.97
2 2 7.45
4 5 30.38
4 1 29.72
3 4 5.91
1 4 14.37
3 3 16.29
3 2 36.29
3 2 43.15
1 6 7.98
2 1 -6.99
1 3 -4.26
4 4 36.52
4 4 -2.50
1 7 24.48
1 7 13.20
4 2 -14.69
2 6 13.74
2 2 43.69
2 3 32.36
2 6 31.74
4 4 7.68
2 7 10.89
1 5 35.87
2 5 7.87
1 4 18.90
2 3 -3.53
3 7 -14.18
2 4 -1.18
3 1 -14.41
1 3 -0.31
2 6 15.64
3 5 8.16
3 2 -13.28
3 4 -14.64
4 1 20.10
4 6 3.35
4 5 42.99
4 3 -14.39
4 5 -14.38
3 3 -3.62
3 1 1.63
3 7 11.53
1 4 18.42
2 6 0.30
3 4 -10.27
4 3 11.08
3 4 14.70
4 4 19.74
3 4 13.42
1 6 7.01
4 3 38.98
2 7 -1.30
1 5 3.44
4 3 -7.61
1 5 10.27
1 6 12.75
4 6 15.39
4 3 6.88
2 1 -2.78
4 4 -11.98
2 2 37.11
4 2 41.69
4 1 15.22
1 2 -6.75
4 3 12.00
3 5 39.66
1 3 31.95
2 7 22.01
4 3 7.24
2 2 18.92
2 2 3.38
1 6 -5.20
3 3 33.85
2 7 20.77
3 2 -1.02
3 7 29.17
4 2 -14.19
2 4 22.38
2 5 16.76
3 5 30.63
2 6 -5.74
2 4 35.29
1 4 44.65
1 3 32.78
1 7 -1.72
3 7 -6.63
3 1 0.26
1 7 -5.64
1 2 28.72
1 7 11.14
4 5 39.92
4 1 39.86
3 3 24.59
3 7 19.35
4 2 37.01
2 3 23.64
3 1 28.07
3 5 -14.44
4 7 27.81
1 6 16.26
4 6 20.46
4 2 -10.39
1 2 -4.61
3 3 17.82
1 7 5.75
4 3 14.40
1 5 36.92
3 7 35.92
2 6 33.84
3 4 16.97
1 4 22.40
2 2 21.48
3 7 19.15
2 2 20.07
3 2 27.06
3 2 21.02
1 2 3.46
1 2 34.83
4 3 21.65
3 3 31.23
1 3 19.21
3 5 30.86
3 3 36.78
4 2 4.11
4 6 26.42
4 6 -13.45
4 4 -9.45
4 4 -3.90
4 4 42.10
1 2 40.15
4 4 41.98
3 4 27.26
1 4 25.01
4 3 38.13
1 6 -13.54
1 4 31.58
2 1 34.94
2 7 33.07
2 3 20.92
3 4 -3.33
1 4 -0.09
3 2 5.92
3 4 10.38
4 2 34.21
1 7 -13.37
1 5 -11.92
2 4 -1.63
1 4 35.69
2 5 0.60
1 6 5.10
3 5 -4.52
1 6 21.68
3 1 33.72
3 4 38.79
2 6 -8.65
1 7 43.50
3 7 34.85
3 5 38.53
2 2 35.64
3 3 12.41
1 4 -2.42
3 1 9.55
3 1 6.91
4 7 42.26
4 1 42.72
1 7 41.76
4 6 35.49
4 4 41.37
1 5 27.08
4 6 18.35
1 7 19.87
2 2 39.06
3 1 34.68
2 7 19.07
1 2 38.84
4 3 24.82
2 1 12.89
3 3 -5.40
1 2 1.13
3 4 37.54
2 3 43.11
2 6 -3.53
2 2 -11.56
2 1 -8.99
1 5 31.95
1 5 -0.90
3 3 1.74
2 6 42.13
4 1 27.57
4 6 -14.03
4 5 -5.07
4 6 15.16
1 5 10.40
1 4 -14.76
2 4 5.92
3 3 44.29
1 2 29.78
1 6 20.27
2 3 -3.51
4 7 12.34
3 1 37.26
1 7 38.29
3 3 1.76
4 5 26.37
2 5 -14.19
3 3 -11.86
1 6 17.97
4 7 -3.93
4 7 23.88
1 2 24.80
2 3 21.00
2 5 -14.14
1 7 18.63
2 3 24.84
3 1 -1.95
2 2 38.64
1 4 10.96
3 2 1.57
4 4 14.31
2 1 6.61
3 1 15.32
3 3 14.99
2 5 -14.51
3 2 23.18
4 5 -12.62
4 4 37.46
1 2 21.20
3 4 8.44
1 5 17.59
1 2 27.34
1 3 5.53
4 4 14.16
3 5 23.22
4 2 19.50
2 6 -4.83
1 3 37.54
1 6 27.14
3 5 -8.27
1 2 42.14
2 7 23.71
3 1 38.16
4 1 -10.37
4 7 39.80
1 4 6.41
2 7 -5.90
1 5 -0.34
3 2 13.68
2 5 42.16
3 7 30.08
3 7 20.40
1 3 -12.32
4 5 31.45
1 5 14.03
4 6 -4.60
2 7 30.03
3 2 9.28
1 4 39.58
2 6 2.37
2 4 5.96
4 7 3.28
3 2 25.73
2 1 9.00
2 3 40.78
1 7 16.28
4 6 9.03
2 5 9.09
1 3 1.81
1 7 -6.42
4 5 14.32
4 2 4.63
3 1 16.57
4 7 5.25
2 2 43.48
3 2 17.58
2 2 16.07
2 2 4.65
1 4 38.47
4 2 5.23
2 7 -14.73
3 5 26.42
3 5 11.08
4 5 30.15
1 6 13.76
3 1 5.15
3 5 5.91
1 5 38.18
3 5 26.20
3 1 1.95
4 2 4.30
1 6 2.33
3 2 22.93
2 1 33.67
4 4 29.22
3 4 22.58
1 2 24.37
4 2 38.57
4 4 -2.32
1 5 28.52
4 6 13.14
3 5 40.44
3 5 -2.14
1 6 11.82
4 3 15.63
1 6 16.47
3 3 11.72
2 7 12.18
3 2 44.56
2 4 13.69
3 2 19.47
1 3 -6.66
3 7 43.09
3 1 32.05
1 6 -8.89
3 4 -12.06
4 3 5.27
3 1 42.55
4 4 28.60
2 5 15.57
2 3 26.54
1 6 22.73
4 1 5.30
4 5 22.18
1 6 6.18
1 6 31.50
1 4 9.58
4 5 28.21
1 2 -4.14
2 4 28.92
3 2 16.59
1 7 28.99
4 5 44.34
1 5 -3.96
2 5 -10.25
4 3 41.81
2 4 32.23
1 4 -4.86
4 7 -4.97
1 2 1.28
2 3 1.98
2 3 17.69
4 5 14.07
4 3 3.90
2 6 -1.41
1 6 -7.58
3 1 28.70
4 6 15.13
2 5 32.66
1 5 -3.36
3 4 24.97
3 2 3.78
1 6 -10.21
3 5 3.65
3 5 18.89
4 1 25.78
2 2 10.17
1 4 36.02
3 1 35.83
3 1 10.71
4 3 44.41
1 3 15.38
2 4 10.56
3 7 -10.20
1 3 23.34
2 2 -10.21
3 7 42.29
2 3 -1.95
4 1 14.94
4 3 16.19
3 3 -7.58
2 1 18.38
1 3 -4.47
1 4 16.20
2 5 21.22
4 1 11.25
3 5 30.63
4 6 41.87
2 2 25.69
4 1 -9.40
2 5 42.99
4 7 18.75
3 1 43.85
2 2 38.78
4 3 27.03
3 7 16.18
2 3 37.09
1 4 3.09
1 3 41.07
1 4 16.16
2 4 -2.18
1 7 39.05
1 3 21.06
3 3 13.18
3 1 -9.03
3 5 -3.41
2 4 0.04
3 3 26.47
4 6 -9.88
4 6 -5.71
4 7 19.41
4 7 33.39
3 3 37.28
4 3 6.68
4 2 43.98
3 7 -2.83
4 5 13.61
4 3 40.42
2 3 8.96
4 1 21.79
4 3 8.27
2 7 22.79
1 7 30.39
1 4 21.57
1 6 -14.93
1 3 -11.23
4 3 -1.37
1 6 35.31
1 6 14.35
3 3 28.88
4 6 35.63
4 5 4.89
4 5 1.08
4 5 10.22
3 2 14.67
3 7 33.50
4 6 -12.36
2 3 29.47
3 4 -8.03
3 7 33.69
1 7 41.72
4 2 -3.55
2 4 -7.41
4 2 33.46
3 1 3.45
1 4 26.64
2 2 -9.29
2 2 5.31
2 5 2.72
1 5 12.33
2 7 25.57
4 4 4.11
1 6 -3.06
2 5 19.95
4 6 7.77
3 2 33.54
1 2 13.49
1 4 -14.17
2 7 -14.24
4 2 25.93
2 5 -14.03
2 2 11.44
1 5 35.18
3 1 36.94
1 5 13.26
3 7 20.24
3 3 1.22
1 6 42.23
2 2 7.30
1 4 2.34
2 2 22.40
4 6 3.96
3 3 -4.57
2 6 21.88
1 4 29.51
2 1 29.85
4 6 18.13
2 4 4.70
4 4 31.61
1 3 13.92
3 7 25.46
4 4 -5.45
4 3 0.96
3 2 24.56
1 3 -9.59
1 2 -1.72
1 5 35.39
4 4 42.57
4 4 -2.06
1 6 -11.89
1 2 11.52
2 2 19.26
2 1 9.75
3 5 41.67
4 5 33.66
1 2 34.91
1 7 38.55
4 1 11.53
4 6 30.44
4 2 18.26
2 1 5.98
2 7 4.60
3 3 -1.94
4 6 35.90
4 2 -3.42
4 1 9.68
4 1 38.73
4 5 42.00
3 2 -2.76
3 4 13.29
2 4 37.61
3 1 43.08
3 2 27.48
1 4 25.99
3 3 15.51
3 4 20.60
1 4 16.11
1 2 36.82
2 2 35.45
1 4 -3.26
2 2 38.63
2 3 -7.57
3 7 23.60
2 3 29.14
3 4 9.03
2 5 -12.17
3 1 -8.73
4 7 -10.39
4 1 21.24
4 5 -11.46
4 2 39.65
2 6 37.76
3 4 13.36
1 4 30.36
3 2 -9.09
1 6 22.95
3 4 33.31
2 1 22.16
3 3 31.21
1 7 -4.66
3 2 40.37
3 1 -1.60
3 2 -13.53
3 2 40.88
3 2 8.52
1 6 25.71
4 6 -9.26
1 5 28.55
2 1 -6.32
3 5 28.34
4 4 -2.46
1 5 38.43
2 3 14.44
1 7 37.74
4 7 -12.70
1 5 11.71
1 4 -9.83
2 7 -4.44
3 1 29.32
1 3 7.12
4 1 21.27
4 7 34.77
3 5 13.64
2 2 21.93
3 2 1.67
2 6 -14.79
4 3 21.71
2 2 19.69
1 7 15.36
2 5 34.78
3 1 -12.39
3 2 24.14
4 3 23.51
2 7 11.59
1 4 36.32
4 7 42.14
4 4 12.36
1 4 -12.47
3 2 1.90
1 7 -1.36
4 7 10.98
2 1 -5.79
4 3 33.96
3 3 -3.62
3 1 3.44
3 4 39.02
1 3 32.37
1 7 20.20
2 5 -5.36
4 4 5.55
3 4 4.17
4 5 17.61
2 7 14.79
3 5 -10.84
4 3 13.41
4 4 10.78
4 1 44.42
2 4 13.98
1 5 44.61
4 6 -2.56
4 4 18.61
2 7 -4.24
3 2 0.47
4 6 27.86
2 1 36.41
3 5 -11.77
3 5 29.15
4 3 16.27
1 5 8.97
2 5 16.14
2 6 7.52
1 2 44.13
1 3 6.33
2 2 -10.76
2 7 15.33
4 3 34.95
1 2 16.28
3 7 -7.66
4 1 24.17
2 4 -4.86
4 1 -2.91
3 5 -3.30
2 4 11.05
4 3 38.66
4 5 20.64
2 5 26.37
3 4 -12.12
2 3 6.34
4 1 44.44
4 3 1.01
3 1 -2.15
2 3 16.30
2 3 -6.79
2 1 32.90
3 5 1.13
1 6 -14.06
2 4 4.57
3 7 16.55
4 5 16.31
1 4 25.47
2 4 38.20
4 3 43.71
4 5 11.82
2 7 21.86
3 2 10.00
1 4 1.88
1 3 -12.36
2 1 -3.60
3 2 39.84
4 2 43.78
2 1 38.90
1 5 11.93
1 6 36.37
2 7 31.63
2 6 41.51
2 1 31.54
3 5 -6.10
4 4 9.55
3 7 43.49
4 5 30.70
1 5 37.58
2 4 -7.64
2 7 39.35
1 4 35.00
4 1 5.73
3 3 -3.27
2 3 38.70
1 5 39.32
2 5 41.00
2 3 0.72
3 3 18.58
2 2 25.08
2 1 37.58
2 7 9.76
1 3 6.31
3 2 2.97
1 6 25.07
4 3 39.75
1 7 -9.84
1 4 1.59
1 5 15.55
3 5 24.65
2 6 11.76
1 7 -3.27
1 5 1.69
4 5 37.47
4 3 -1.61
1 2 11.21
4 1 17.14
4 1 38.87
1 2 38.82
2 4 3.94
4 7 10.54
2 4 4.91
2 2 18.80
1 5 29.77
2 6 16.00
4 5 27.38
2 1 34.00
4 6 29.16
4 4 7.03
4 3 0.83
1 6 -8.74
1 4 22.74
1 2 10.23
3 7 4.08
2 1 17.80
3 1 2.30
1 7 26.85
1 7 -10.99
1 5 -3.06
1 2 12.77
2 1 36.52
4 2 26.62
1 2 -1.60
3 2 11.22
3 1 9.00
2 5 10.88
3 5 6.98
4 6 31.56
3 5 27.52
2 3 37.66
2 3 17.03
1 4 23.07
1 6 -5.60
4 5 38.00
3 2 2.01
4 3 10.37
3 5 41.28
3 4 37.28
4 7 3.52
1 2 6.57
1 3 0.51
3 7 4.04
4 6 13.26
4 2 -3.90
4 7 -14.43
3 1 28.33
4 3 -6.98
4 7 35.24
2 4 26.54
3 1 -1.10
4 4 -0.04
4 6 31.35
3 2 32.33
3 2 34.45
3 7 12.99
2 6 36.46
4 4 38.01
4 3 -4.22
1 7 27.46
3 7 -4.01
2 2 33.12
4 1 37.28
3 2 11.59
2 5 22.07
1 2 -10.67
4 7 -7.82
4 2 -8.35
2 6 32.60
3 7 22.79
3 2 19.25
1 6 5.65
2 4 11.75
1 4 44.52
4 2 15.30
1 5 19.34
1 5 17.40
4 1 9.53
4 2 35.97
1 2 42.84
1 3 22.21
4 2 32.28
3 4 40.93
2 1 37.19
3 7 33.87
2 5 31.52
2 1 -13.15
3 5 -13.52
4 1 -6.51
1 6 18.25
4 6 26.86
2 7 25.16
1 2 -9.57
2 7 16.48
1 2 11.66
2 4 16.38
3 3 8.39
2 3 7.24
4 6 7.46
4 2 2.51
1 3 32.73
3 4 35.04
4 6 5.99
2 3 15.22
1 2 -10.69
2 1 42.72
4 6 32.69
4 3 3.83
4 7 8.73
2 7 19.43
4 6 -7.14
1 7 42.51
2 1 4.52
3 2 21.35
4 2 4.19
1 4 38.18
3 1 3.32
3 4 -3.85
2 7 13.70
4 1 14.24
2 5 20.55
3 1 31.70
1 7 11.66
1 5 39.98
1 3 25.21
4 2 -4.05
3 4 9.88
4 2 5.29
1 2 40.56
2 5 7.81
3 3 2.89
4 7 33.72
3 7 21.89
4 4 7.82
4 7 11.97
3 4 42.68
4 1 14.92
3 2 41.72
2 7 -4.44
2 5 -10.32
2 2 26.65
1 2 36.52
2 1 17.01
3 5 -13.83
2 7 11.46
4 1 39.75
1 6 1.98
1 2 1.59
2 3 17.95
1 2 10.55
1 2 44.13
3 4 -8.24
3 3 37.23
2 5 -4.91
4 3 41.27
3 3 8.45
1 3 43.01
3 2 29.66
3 3 -5.40
1 6 8.92
1 2 34.02
2 1 43.37
1 2 39.16
2 4 -5.73
3 1 -1.22
2 6 32.96
2 6 14.43
1 7 44.96
3 4 15.89
2 1 42.56
4 4 5.39
2 1 40.51
2 6 4.55
4 1 4.42
3 3 13.04
3 7 -9.28
3 5 -13.04
3 1 38.90
4 3 23.14
3 4 -12.89
3 5 43.37
3 2 -5.64
4 7 -7.87
2 2 -12.33
4 3 37.76
1 5 37.01
4 4 29.93
4 6 -1.16
4 4 3.38
4 2 25.51
1 3 27.74
3 7 -13.32
1 7 26.23
3 7 33.60
4 6 23.60
1 2 43.00
3 1 15.77
1 2 35.04
3 1 8.94
4 2 20.86
3 2 25.45
2 6 -10.92
1 4 -10.50
4 2 29.99
2 2 39.41
4 1 14.01
2 2 14.24
3 3 45.00
4 2 -8.99
1 5 17.28
4 7 22.25
4 7 27.28
1 4 35.56
1 7 29.62
3 1 11.52
4 2 -6.05
1 7 29.08
4 4 2.47
4 2 -1.35
4 3 -6.86
2 6 31.19
2 2 13.89
2 2 -10.49
2 2 44.03
4 7 4.32
4 3 30.06
1 6 -6.94
4 7 -10.39
2 2 43.09
3 7 37.48
2 7 20.97
2 6 -1.24
4 4 16.19
3 4 17.69
2 5 41.31
3 7 23.89
4 6 2.95
3 4 38.50
4 2 34.68
4 4 37.00
3 2 42.61
4 6 40.58
2 5 34.88
4 1 14.80
4 5 41.65
1 2 -0.32
3 7 33.07
1 7 4.32
3 3 15.31
1 2 15.23
3 5 -13.31
4 3 17.51
1 7 -11.59
1 7 34.01
1 3 44.33
2 1 24.40
4 1 5.76
4 2 -3.97
3 4 5.22
4 5 13.26
4 7 42.77
2 1 37.73
4 2 22.26
1 2 14.19
3 1 20.33
1 2 39.71
1 7 42.81
3 7 25.16
2 5 -6.37
2 5 -4.64
2 4 8.59
1 2 23.02
4 1 28.04
2 1 11.68
3 3 31.78
1 7 17.59
2 6 14.31
2 7 -7.33
3 5 -10.27
3 4 11.55
4 2 0.77
1 5 21.93
3 1 -0.04
1 3 -1.40
1 7 44.30
1 6 30.91
4 6 -6.42
2 7 18.68
4 2 37.50
2 3 -14.49
3 5 2.77
3 2 37.45
2 6 7.88
3 4 16.79
2 6 15.20
1 5 6.00
2 3 -4.10
2 6 31.51
4 3 27.53
2 4 35.86
4 1 34.76
1 3 27.77
4 5 23.25
2 5 26.71
4 6 31.03
2 7 0.06
3 3 -6.21
2 6 44.48
4 5 42.04
3 3 2.37
3 7 16.54
1 7 -9.36
3 2 34.27
2 5 37.42
4 3 43.30
1 2 29.76
3 3 14.02
2 1 -2.42
4 3 -7.75
2 7 43.17
3 2 5.04
2 3 -3.92
2 5 40.90
2 7 -7.48
2 1 16.80
1 5 -7.35
3 5 41.80
4 3 17.59
3 2 24.18
2 1 13.26
1 4 11.81
4 7 5.22
3 3 27.81
3 4 28.19
1 2 15.98
4 1 2.60
2 3 3.39
3 3 20.50
3 5 3.88
2 5 37.06
4 5 36.61
4 7 -9.58
3 2 8.55
2 6 -0.95
3 3 -0.45
3 4 3.80
1 2 -8.88
2 3 -9.94
3 3 -11.10
3 2 8.25
2 7 28.68
4 1 42.97
2 4 4.43
2 1 27.21
3 3 28.61
3 7 16.67
2 6 -8.27
2 5 -13.63
1 6 12.11
4 6 27.04
4 7 -3.47
1 7 22.67
1 3 -1.06
3 7 23.76
2 5 31.28
3 7 26.15
2 4 5.07
3 1 -0.33
4 5 -13.57
4 1 -3.82
3 4 17.46
2 6 13.59
3 7 -10.19
3 5 30.69
2 1 -10.64
4 5 3.91
1 7 -14.41
1 4 -5.37
2 3 32.27
3 2 -3.93
1 6 -8.46
4 1 42.23
2 1 15.16
2 2 17.14
2 5 29.60
3 5 4.78
2 5 4.59
1 6 -10.33
3 2 5.08
3 2 39.29
1 3 40.30
2 2 -9.76
4 5 33.57
1 5 -6.21
2 1 15.66
2 1 2.53
3 3 10.92
3 3 34.87
4 5 31.20
2 1 -3.86
4 1 15.56
2 5 36.70
1 3 14.59
3 2 28.02
2 1 -12.88
3 5 14.51
1 7 -14.61
2 5 9.34
1 2 6.31
4 5 -5.97
2 5 32.54
4 2 16.25
3 2 18.62
4 7 20.14
4 7 10.05
2 3 21.69
1 5 -3.28
2 3 2.54
1 6 30.68
1 2 34.44
3 7 3.45
1 3 41.85
3 2 39.56
1 4 22.42
4 4 41.14
2 1 -11.71
3 5 30.84
1 4 36.92
4 2 19.15
2 5 33.55
4 3 14.54
1 5 9.54
3 5 37.83
1 4 -9.33
4 6 -14.83
1 2 -14.77
3 5 43.71
4 4 14.37
2 4 -7.61
2 1 34.07
1 6 43.67
4 3 39.64
4 7 26.09
3 7 -10.89
4 6 30.41
3 7 19.92
3 5 6.10
3 4 31.38
1 2 4.94
2 6 32.97
1 7 31.25
4 4 24.27
2 4 33.83
1 5 5.03
2 5 6.62
1 6 42.32
4 6 35.23
1 7 -11.31
3 2 0.90
3 2 -9.24
4 3 41.64
3 5 27.75
4 3 30.97
1 4 11.45
2 3 22.89
4 6 -10.97
2 1 3.98
1 5 -1.31
3 7 25.33
2 4 41.51
2 5 42.24
3 7 1.69
3 2 34.30
2 5 15.45
4 4 14.26
2 3 5.80
4 3 -0.77
3 5 27.03
1 6 -10.39
3 3 10.90
2 2 -2.79
3 4 -3.23
3 5 4.69
3 1 4.15
3 7 -10.34
2 5 30.90
2 6 32.88
2 1 29.36
4 2 3.69
3 3 16.39
2 3 24.80
2 6 -7.92
1 4 40.77
2 6 -12.86
4 5 17.64
3 5 13.45
1 6 39.22
3 2 2.57
1 5 -10.45
2 4 35.04
2 1 12.37
4 7 40.08
2 2 26.10
3 7 7.53
3 5 -12.77
3 5 44.16
1 7 33.57
4 2 30.45
1 5 20.86
2 6 41.43
1 3 6.09
2 6 44.15
4 3 -6.90
3 1 2.76
1 2 -0.00
3 3 -0.03
1 6 13.35
3 7 34.30
1 4 39.15
4 5 20.32
2 4 10.07
3 7 -1.31
1 7 -12.66
2 4 36.90
1 7 13.14
1 3 -5.60
2 2 19.02
1 2 -10.33
3 1 24.49
1 7 21.53
3 3 43.63
4 5 0.67
2 3 1.15
4 3 2.73
2 2 22.96
1 3 8.65
2 6 8.33
3 5 26.30
3 4 -9.10
4 7 19.78
2 6 21.52
3 4 14.13
3 2 1.90
4 1 -7.13
4 6 11.32
2 6 22.31
3 4 -6.00
3 3 20.15
3 4 14.57
1 7 27.04
2 6 42.59
3 1 4.66
3 5 33.76
1 5 -2.24
3 3 8.54
1 6 36.05
3 7 31.66
1 7 7.38
1 5 -12.43
1 5 26.36
4 2 1.89
4 6 4.31
1 4 10.14
1 7 -14.50
4 3 39.23
1 4 40.09
4 3 30.72
2 7 0.65
1 7 19.57
1 4 31.81
3 2 24.04
1 2 28.16
2 1 9.65
3 5 14.73
2 6 4.62
2 7 -4.76
4 7 33.53
3 3 30.67
1 3 25.63
3 7 20.24
4 5 37.45
1 6 3.35
1 7 -8.80
1 4 7.99
4 2 12.83
3 7 34.29
3 7 -2.89
2 6 16.55
4 6 41.98
4 4 9.59
3 1 -14.80
4 2 -3.82
1 3 19.03
4 1 11.40
3 4 43.87
2 7 27.39
2 2 -7.12
3 3 42.84
3 1 35.21
3 7 10.08
2 4 -9.53
2 2 -6.98
3 4 24.34
3 5 12.43
4 5 4.42
3 4 -4.67
4 3 28.74
3 7 -2.44
2 4 12.42
3 7 36.29
1 4 -2.19
4 5 -13.04
3 7 13.94
3 1 29.00
3 5 7.37
3 3 -12.28
3 1 0.84
4 2 -3.06
4 6 17.67
2 7 12.03
2 4 38.18
1 7 -0.16
4 1 36.72
4 6 -1.22
3 5 18.34
4 3 6.62
2 3 -6.86
3 2 28.15
4 7 6.33
1 2 13.64
1 5 28.07
3 4 5.23
4 1 1.03
1 5 41.90
4 7 12.22
4 3 16.11
3 3 14.70
2 3 12.96
2 7 31.83
3 2 29.41
2 4 -6.45
1 7 23.38
3 1 26.41
2 4 17.17
2 1 27.56
2 4 19.09
4 3 43.38
2 1 13.79
1 3 -10.20
2 5 38.95
4 7 2.81
1 5 34.94
3 4 24.32
2 5 -5.09
2 5 6.29
3 7 30.43
1 2 -10.33
2 7 28.25
3 7 -2.81
4 7 16.59
1 7 34.61
2 4 5.20
2 7 -11.47
2 6 9.53
4 5 -4.07
2 1 41.38
3 5 -7.85
1 5 -9.51
2 1 33.04
4 6 23.43
2 7 5.85
3 7 12.79
1 7 -6.84
4 3 4.31
4 7 -13.54
2 6 35.20
3 7 12.86
2 7 33.99
1 3 44.37
4 1 25.76
2 7 27.12
1 2 43.00
3 3 5.30
3 4 7.28
2 1 14.75
4 1 5.25
1 2 2.10
1 5 4.37
4 4 28.14
2 4 30.49
2 3 3.10
1 6 -0.26
2 7 44.36
3 3 -13.30
1 5 26.73
2 3 9.55
4 7 40.35
2 1 18.41
1 5 4.15
3 7 12.12
1 7 23.12
4 7 5.07
4 4 14.56
4 4 3.36
3 3 19.66
1 6 20.06
2 2 -0.27
1 7 1.16
2 5 44.47
1 7 29.77
3 7 9.76
2 3 -12.34
2 4 33.01
2 5 14.55
1 4 22.69
3 1 17.15
4 4 44.88
4 7 29.98
1 2 17.30
1 4 17.13
1 5 -9.02
3 4 30.93
1 5 19.29
1 4 31.10
2 1 17.50
1 6 36.95
2 3 38.29
4 3 -4.91
3 3 -0.99
3 3 -6.62
1 6 8.33
3 1 28.92
3 4 11.57
1 3 13.70
2 6 32.56
3 2 6.60
3 2 25.46
1 2 17.94
2 3 37.45
4 7 11.75
2 7 23.00
2 2 0.14
3 7 39.59
1 7 40.00
4 6 -9.84
1 4 30.46
2 3 -0.12
3 5 37.35
3 5 -12.46
3 7 -9.02
2 1 19.45
1 2 25.05
4 5 -6.96
4 5 -1.58
1 2 18.41
4 5 9.85
2 3 2.69
1 7 34.69
3 3 14.08
3 1 20.61
3 7 10.08
1 7 16.02
2 2 30.81
3 2 41.76
3 5 25.34
4 6 26.53
4 5 -10.78
2 3 -10.61
1 3 16.47
3 3 44.91
2 4 10.99
2 1 43.28
4 1 39.74
3 1 42.43
2 6 43.07
3 3 -10.93
3 1 39.16
2 2 42.71
2 7 38.82
1 2 36.06
2 5 13.27
4 4 38.62
1 4 -5.91
4 1 23.02
4 4 26.89
1 5 24.70
4 6 22.52
4 5 39.72
3 3 12.68
4 2 10.93
4 2 29.93
4 6 22.55
4 4 9.27
4 7 14.19
2 3 -11.23
1 3 4.64
4 1 43.37
1 4 38.82
3 3 -11.47
2 2 6.97
3 2 13.04
4 6 3.16
3 4 10.47
2 2 -4.01
1 3 13.18
3 1 -9.82
4 5 13.13
2 2 41.09
4 6 12.25
2 6 -8.66
3 4 40.67
2 1 30.10
2 2 33.72
4 6 34.35
2 5 42.64
4 2 15.46
2 7 10.03
4 5 23.99
4 7 31.25
4 5 25.49
1 3 1.90
1 3 33.92
3 2 26.11
4 5 -11.10
2 5 44.95
4 2 -9.97
1 2 6.80
2 2 37.51
4 7 -2.72
4 6 16.21
3 5 -9.81
3 3 -11.97
2 3 34.81
2 1 -10.98
4 3 -1.61
4 2 -10.80
3 1 30.06
1 4 -7.54
2 6 31.22
1 3 27.57
3 1 21.98
4 7 8.29
4 6 15.61
1 6 -10.84
2 5 0.62
3 4 24.74
2 4 38.94
2 1 30.35
3 2 18.33
3 3 25.07
2 4 32.25
3 5 -12.49
1 5 42.92
2 6 -7.04
2 4 -3.48
4 5 0.31
2 5 -6.10
2 6 -12.89
4 4 9.56
2 4 2.16
4 7 -13.97
2 2 13.38
1 6 43.82
2 2 11.13
1 3 23.84
1 7 -5.56
3 3 41.27
2 4 33.14
4 2 23.76
2 6 31.41
4 7 5.47
3 1 -0.96
2 2 23.56
4 7 13.11
2 3 9.45
1 7 34.37
4 3 -9.20
1 2 1.08
3 3 21.00
4 3 0.70
2 3 4.61
3 3 -10.81
2 2 -11.56
2 6 30.82
3 2 25.65
1 6 30.05
3 3 35.50
3 4 14.14
4 2 12.21
3 3 2.82
2 4 6.56
2 5 22.39
4 3 38.85
2 4 43.19
3 5 9.62
1 7 2.12
3 7 4.26
4 1 7.83
1 6 43.68
2 2 22.85
4 4 15.62
1 3 4.93
1 6 29.66
1 4 12.53
3 1 21.33
3 7 10.40
3 7 -1.76
3 1 17.27
4 1 23.00
4 3 -6.06
2 2 23.00
2 5 31.47
1 2 36.59
2 6 10.44
4 6 -8.74
4 1 13.36
2 7 -2.77
2 4 38.36
4 6 16.40
1 3 1.35
2 7 42.33
4 7 -6.35
4 7 6.77
2 2 27.57
2 5 4.35
2 2 32.17
3 7 32.05
3 2 32.86
3 7 6.84
1 4 21.30
1 5 11.62
1 5 3.31
3 3 35.23
3 4 -7.62
3 3 2.89
3 1 15.40
2 5 1.02
1 2 19.57
4 5 21.49
4 5 8.07
2 2 41.02
2 1 14.93
4 4 -2.88
2 7 -8.44
1 7 36.81
2 7 -14.08
4 2 36.40
2 1 19.98
1 5 -2.30
1 5 37.77
1 3 7.40
3 5 9.49
1 2 -5.06
1 7 -13.70
4 7 -2.12
2 6 26.69
2 6 24.23
1 7 43.61
4 2 14.30
4 2 -6.29
4 3 19.96
3 3 4.28
1 2 35.02
4 4 2.16
4 7 12.38
3 5 11.82
3 3 0.96
4 2 0.62
4 1 11.81
2 3 15.00
4 5 0.01
3 2 18.92
3 1 29.93
1 7 43.30
1 2 24.64
2 3 6.13
3 1 4.98
2 6 8.80
4 3 36.44
1 6 16.09
4 6 16.86
1 5 42.84
1 7 43.29
2 1 23.28
2 7 -6.20
4 3 35.75
2 1 -14.33
2 6 39.58
1 5 8.63
4 2 -6.17
1 3 30.62